%YAML:1.2

# camera parameters kinect
camera:
  fx : 522.21693
  fy : 525.59424
  cx : 307.57430
  cy : 261.20247
  scale : 10000.0
  d0 : 0.13508
  d1 : -0.25678
  d2 : 0.00119
  d3 : 0.00022
  d4 : 0.00000

# orb parameters
orb:
  features_max : 1000
  scale : 1.20
  levels : 8
  threshold_init : 20
  threshold_min : 7
  match_ratio : 0.7

# filter parameters
filter:
  interval : 5
  depth_max : 2.0

# pnp parameters
pnp:
  inliers_threshold : 80

# dbow2 loop parameters
dbow2:
  score_min : 0.015
  interval_min : 60

# g2o parameters
g2o:
  chi2_threshold : 100.0